file        : /tmp/_rbfull.jsonl
samples     : 17297   duration 9.5 min   rate 50.0/s
RBs sounded : 48   RU size K=12 -> 4 RUs
SRS SNR est : median 3.0 dB  p10 2.9 dB  (per-RB, slow/fast split; lower bound if UE moving)
T*          : 0.141 s at 0.5 dB budget
regret(fixed choice) : 0.58 dB
lifetime eps=0.5 dB : median    0.040 s   p10    0.020 s
lifetime eps=1.0 dB : median    0.100 s   p10    0.020 s
lifetime eps=2.0 dB : median    0.180 s   p10    0.060 s
lifetime eps=3.0 dB : median    0.280 s   p10    0.060 s
freq-corr lag1 (1s-avg): 1.00  (low value => noise-dominated raw data)
Bc(0.5)     : nan MHz  (RU width K=12 = 4.32 MHz)
  K= 4 (12 RUs): G= 1.68 dB  sep= 0.58
  K= 6 (8 RUs): G= 1.36 dB  sep= 0.48
  K= 8 (6 RUs): G= 1.18 dB  sep= 0.41
  K=12 (4 RUs): G= 0.94 dB  sep= 0.33
  K=16 (3 RUs): G= 0.78 dB  sep= 0.27
  K=24 (2 RUs): G= 0.52 dB  sep= 0.17
Tc(0.5)     : 25.200 s
re-attaches  : 707  at min 5.1, 5.1, 5.1, 5.1, 5.1, 5.1, 5.1, 5.1, 5.1, 5.1, 5.1, 5.1, 5.1, 5.1, 5.1, 5.1, 5.1, 5.5, 5.5, 5.6, 5.6, 5.6, 5.6, 5.6, 5.6, 5.6, 5.6, 5.6, 5.6, 5.6, 5.6, 5.6, 5.6, 5.6, 5.6, 5.6, 5.6, 5.6, 5.6, 5.6, 5.6, 5.6, 5.6, 5.6, 5.6, 5.6, 5.6, 5.6, 5.6, 5.6, 5.6, 5.6, 5.6, 5.6, 5.6, 5.6, 5.6, 5.6, 5.6, 5.6, 5.6, 5.6, 5.6, 5.6, 5.6, 5.6, 5.6, 5.6, 5.6, 5.6, 5.6, 5.6, 5.6, 5.6, 5.6, 5.6, 5.6, 5.6, 5.6, 5.6, 5.6, 5.6, 5.6, 5.6, 5.6, 5.6, 8.9, 9.7, 11.5, 11.7, 11.7, 11.7, 11.7, 11.7, 11.7, 11.7, 11.7, 11.7, 11.7, 11.7, 11.7, 11.7, 11.7, 11.7, 11.7, 11.7, 11.7, 11.7, 12.3, 12.4, 13.4, 13.6, 13.6, 13.6, 13.6, 13.6, 13.6, 13.6, 13.6, 13.6, 13.6, 13.6, 13.6, 13.6, 13.6, 13.6, 13.6, 13.6, 13.6, 13.6, 13.6, 13.6, 13.6, 13.6, 13.6, 13.6, 13.6, 13.6, 13.6, 13.6, 13.6, 13.6, 13.6, 13.6, 13.6, 13.6, 13.6, 13.6, 13.6, 13.6, 13.6, 13.6, 13.6, 13.6, 13.6, 13.6, 13.6, 13.6, 13.6, 13.6, 13.6, 13.6, 13.6, 13.6, 13.6, 13.6, 13.6, 13.6, 13.6, 13.6, 13.6, 13.6, 13.6, 13.6, 13.6, 13.6, 13.6, 13.6, 13.7, 13.7, 13.7, 13.7, 13.7, 13.7, 13.7, 13.7, 13.7, 13.7, 13.7, 13.7, 13.7, 13.7, 13.7, 13.7, 13.7, 13.7, 13.7, 13.7, 13.7, 13.7, 13.7, 13.7, 13.7, 13.7, 13.7, 13.7, 13.7, 13.7, 13.7, 13.7, 13.7, 13.7, 13.7, 13.7, 13.7, 13.7, 13.7, 13.7, 13.7, 13.7, 13.7, 13.7, 13.7, 13.7, 13.7, 13.7, 13.7, 13.7, 13.7, 13.7, 13.7, 13.7, 13.7, 13.7, 13.7, 13.7, 13.7, 13.7, 13.7, 13.7, 13.7, 13.7, 13.7, 13.7, 13.7, 13.7, 13.7, 13.7, 13.7, 13.7, 13.7, 13.7, 13.7, 13.7, 13.7, 13.7, 14.1, 14.1, 14.1, 14.1, 14.1, 14.1, 14.1, 14.1, 14.1, 14.1, 14.1, 14.1, 14.1, 14.1, 14.1, 14.1, 14.1, 14.1, 14.1, 14.1, 14.1, 14.1, 14.1, 14.1, 14.1, 14.1, 14.1, 14.1, 14.1, 14.1, 14.1, 14.1, 14.1, 14.1, 14.1, 14.1, 14.1, 14.1, 14.1, 14.1, 14.1, 14.1, 14.1, 14.1, 14.1, 14.1, 14.1, 14.1, 14.1, 14.1, 14.1, 14.1, 14.1, 14.1, 14.1, 14.1, 14.1, 14.1, 14.1, 14.1, 14.1, 14.1, 14.1, 14.1, 14.1, 14.1, 14.1, 14.1, 14.1, 14.1, 14.1, 14.1, 14.1, 14.1, 14.1, 14.1, 14.1, 14.1, 14.1, 14.1, 14.1, 14.1, 14.1, 14.1, 14.1, 14.1, 14.1, 14.1, 14.1, 14.1, 14.1, 14.1, 14.1, 14.1, 14.1, 14.1, 14.1, 14.1, 14.1, 14.1, 14.1, 14.1, 14.1, 14.1, 14.1, 14.1, 14.1, 14.1, 14.1, 14.1, 14.1, 14.1, 14.1, 14.1, 14.1, 14.1, 14.1, 14.1, 14.1, 14.1, 14.1, 14.1, 14.1, 14.1, 14.1, 14.1, 14.1, 14.1, 14.1, 14.1, 14.1, 14.1, 14.1, 14.1, 14.1, 14.1, 14.1, 14.1, 14.1, 14.1, 14.1, 14.1, 14.1, 14.1, 14.1, 14.1, 14.1, 14.1, 14.1, 14.1, 14.1, 14.1, 14.1, 14.1, 14.1, 14.1, 14.1, 14.1, 14.1, 14.1, 14.1, 14.1, 14.1, 14.1, 14.1, 14.1, 14.1, 14.1, 14.1, 14.1, 14.1, 14.1, 14.1, 14.1, 14.1, 14.1, 14.1, 14.1, 14.1, 14.1, 14.1, 14.1, 14.1, 14.1, 14.1, 14.1, 14.1, 14.1, 14.1, 14.1, 14.1, 14.1, 14.1, 14.1, 14.1, 14.1, 14.1, 14.1, 14.1, 14.1, 14.1, 14.1, 14.1, 14.1, 14.1, 14.1, 14.1, 14.1, 14.1, 14.1, 14.1, 14.1, 14.1, 14.1, 14.2, 14.2, 14.2, 14.2, 14.2, 14.2, 14.2, 14.2, 14.2, 14.2, 14.2, 14.2, 14.2, 14.2, 14.2, 14.2, 14.2, 14.2, 14.2, 14.2, 14.2, 14.2, 14.2, 14.2, 14.2, 14.2, 14.2, 14.2, 14.2, 14.2, 14.2, 14.2, 14.2, 14.2, 14.2, 14.2, 14.2, 14.2, 14.2, 14.2, 14.2, 14.2, 14.2, 14.2, 14.2, 14.2, 14.2, 14.2, 14.2, 14.2, 14.2, 14.2, 14.2, 14.2, 14.2, 14.2, 14.2, 14.2, 14.2, 14.2, 14.2, 14.2, 14.2, 14.2, 14.2, 14.2, 14.2, 14.2, 14.2, 14.2, 14.2, 14.2, 14.2, 14.2, 14.2, 14.2, 14.2, 14.2, 14.2, 14.2, 14.2, 14.2, 14.2, 14.2, 14.2, 14.2, 14.2, 14.2, 14.2, 14.2, 14.2, 14.2, 14.2, 14.2, 14.2, 14.2, 14.2, 14.2, 14.2, 14.2, 14.2, 14.2, 14.2, 14.2, 14.2, 14.2, 14.2, 14.2, 14.2, 14.2, 14.2, 14.2, 14.2, 14.2, 14.2, 14.2, 14.2, 14.2, 14.2, 14.2, 14.2, 14.2, 14.2, 14.2, 14.2, 14.2, 14.2, 14.2, 14.2, 14.2, 14.2, 14.2, 14.2, 14.2, 14.2, 14.2, 14.2, 14.2, 14.2, 14.2, 14.2, 14.2, 14.2, 14.2, 14.2, 14.2, 14.2, 14.2, 14.2, 14.2, 14.2, 14.2, 14.2, 14.2, 14.2, 14.2, 14.2, 14.2, 14.2, 14.2, 14.2, 14.2, 14.2, 14.2, 14.2, 14.2, 14.2, 14.2, 14.2, 14.2, 14.2, 14.2, 14.2, 14.2, 14.2, 14.2, 14.2, 14.2, 14.2, 14.2, 14.2, 14.2, 14.2, 14.2, 14.2, 14.2, 14.2, 14.2, 14.2, 14.2, 14.2, 14.2, 14.2, 14.2, 14.2, 14.2, 14.2, 14.2, 14.2, 14.2, 14.2, 14.2, 14.2, 14.2, 14.2, 14.2, 14.2, 14.2, 14.2, 14.2, 14.2, 14.2, 14.2, 14.2, 14.2, 14.2, 14.2, 14.2, 14.2, 14.2, 14.2, 14.2, 14.2, 14.2, 14.2, 14.2, 14.2, 14.2, 14.2, 14.2, 14.2, 14.2, 14.2, 14.2, 14.3, 14.3, 14.3
